Rozpoczęto pomiary.

120444
120915
122007
120385
121374
121068
121325
121598
120340
121261
120130
120649
121470
120685
121009
122492
119858
121763
133409
120278
121371
131673
120981
120420
120347
119950
121448
122870
120933
121891
120612
121008
120324
121789
120725
121707
120424
120205
121472
121083
120691
121969
120373
121908
120963
122229
120255
120161
119963
121023
119354
120605
120987
120386
119951
120822
120418
121425
121702
120930
120396
120074
120082
120509
120621
121098
120467
120371
121988
120444
120301
119448
119890
120429
122128
120649
120714
121983
121380
121115
121417
122239
120216
121348
122640
120791
120135
121203
120450
121141
120417
121551
120676
120766
120850
119809
119560
121146
121015
120306

116720
116625
114923
115187
114627
114127
115563
115221
117231
114507
115863
115327
118008
114909
115882
117611
115223
116334
115863
115453
115715
114759
116902
116115
116279
115269
115929
116406
116713
115041
115305
115181
116845
115524
115559
116185
117417
115737
116444
115440
116103
115448
115695
115107
116490
114821
114621
118810
115575
115002
116502
114942
114170
114739
116243
116736
115739
114941
116217
116750
115468
114446
115652
115176
116903
115610
116021
114669
115115
115956
115962
114620
116567
115986
115294
117661
115359
115203
115241
116198
113445
117625
115955
116293
117375
114826
116010
118310
115142
115891
117851
117854
114263
116288
116000
117187
115288
117545
116213
115994

239221
633411
108914
277639
112690
885538
156925
222064
229064
470184
108972
1129924
107609
108724
329682
713539
170246
107590
204513
105172
164005
109798
186032
366283
987389
522431
118558
1455990
114517
189087
433329
244386
311658
267312
451361
304290
168135
482718
153000
129093
307322
154534
107348
1520361
529010
1748745
660731
118477
108383
953454
623196
165713
374655
112384
118953
602668
110285
131252
196117
948299
338189
168340
1980399
197848
1098488
128763
1206248
288528
194210
114286
107237
183147
523934
203686
615644
129282
108586
109860
119763
803295
111198
125868
109448
987384
343017
126893
147616
217152
125611
217385
108170
459708
109396
113810
1411160
107171
169532
108977
106265
576221

88440
86610
87101
86439
87294
86716
86644
86802
88164
86907
86879
86808
87739
88648
86878
87055
88811
86849
86840
87162
86781
86730
86885
88369
86761
86982
86923
87321
87613
87787
87312
87269
86456
86489
86318
86964
86488
87298
87535
87917
87352
86613
87559
86577
86990
87222
87920
87035
87577
87131
87285
86756
87506
88235
87323
86719
86643
86468
86658
87922
86436
86635
87834
87040
86929
86932
87079
87392
86940
87639
86498
88035
86959
87198
86722
86637
86379
86818
86666
85987
87433
86697
86688
86804
87416
87122
87497
86656
86802
87457
87263
86385
86821
86706
87275
87487
87059
86628
86855
86301

67463
68526
67291
67222
67602
67315
67378
67473
67129
67401
67234
67449
67518
67341
67389
67510
67438
67332
67572
67408
67704
67426
67391
67255
67303
67734
67276
67397
67375
67455
67348
67656
67672
67489
67384
67638
68133
67682
67761
67845
67532
67723
67683
67385
67449
67527
67571
67114
72038
68758
67497
67458
67377
67619
67637
67877
67675
67621
67500
67447
67729
67779
67763
77310
70663
69492
68269
68142
67426
67328
67187
67519
67777
67271
67072
67300
67310
67183
67431
67400
67468
67737
67387
67277
67639
67547
67270
67288
67471
67414
67086
66852
67501
67425
67689
67644
67665
67416
67472
67980

57534
57658
58068
57587
57670
57693
57573
58376
57906
57695
57492
57686
57452
57561
57699
57565
57832
57724
57581
57752
57760
57660
57536
57489
57671
57625
57830
57525
57685
57773
57662
57750
57699
57588
57545
57660
57614
57681
57783
57676
57462
58643
57716
57923
57631
57678
57721
57553
57558
57706
57706
57555
57685
57722
58132
58386
57629
57628
57521
57920
57737
57936
57603
57635
57772
57684
57457
57721
57733
57647
58064
57829
57688
57800
57650
57570
57640
57563
57558
57760
57712
57604
57632
57498
57636
57728
57597
57599
57641
57649
57722
57646
57532
57545
57606
57827
57595
57619
57491
57599

53363
53569
53454
53516
53580
53426
53595
53569
53903
53998
53454
53526
53454
53449
53563
53435
53508
53557
53452
53489
53420
53527
53566
53398
53790
53495
53372
53606
53524
53473
53547
53516
53528
53515
53504
53508
53530
53518
53394
53468
53471
53362
53412
53432
53506
53566
53497
53553
53547
53413
53509
53644
53516
53513
53319
53385
53371
53515
53574
53371
53397
53491
53449
53616
53687
53537
53425
53522
53515
53534
53389
53566
53359
53503
53430
53555
53376
53421
53529
53579
53459
53537
53552
53526
53546
53533
53516
53505
53507
53871
53638
53438
53452
53429
53514
53444
53504
53442
53444
53484

47276
47318
47322
47301
47348
47286
47320
47236
47324
47289
47359
47306
47267
47271
47315
47322
47298
47317
47301
47292
47305
47310
47235
47313
47314
47286
47272
47305
47308
47309
47327
47292
47305
47314
47247
47325
47326
47253
47321
47261
47259
47306
47268
47274
47505
47316
47361
47287
47278
47316
47322
47270
47357
47302
47247
47263
47274
47273
47267
47312
47351
47349
47279
47333
47277
47293
47257
47281
47289
47360
47338
47326
47907
47651
47286
47296
47306
47289
47311
47303
47306
47303
47295
47274
47292
47267
47288
47257
47691
47311
47272
47306
47337
47298
47291
47284
47303
47315
47265
47307
Zakończono pomiary.
