Rozpoczęto pomiary.

58993
59007
60054
59967
60343
59704
59733
60049
60739
60143
59770
59961
59520
59639
59890
59893
59869
60132
60437
60064
59079
59702
59495
60086
59501
59612
59625
60497
59197
60945
60442
59503
60441
59583
59988
59820
59518
60498
59654
59354
59764
59888
60231
59178
59453
59723
60213
59781
60179
60102
60239
59946
60519
60677
60743
59934
59921
59742
59179
59875
59368
60035
59822
59520
60041
60521
59722
59434
59357
60103
60012
59636
58861
59341
60038
59616
59251
59996
59747
59520
59974
60431
60153
60331
60136
59527
59461
59906
59653
60036
59799
59632
60073
60083
60121
59972
59425
59388
59883
59530

58754
57599
57504
57162
57542
57191
56654
58039
57249
57620
57933
57517
56690
57437
56495
57196
57279
57517
57078
57889
57382
58338
57143
57468
57332
57416
57218
57371
56816
58130
56960
56177
57453
57515
57251
57403
56338
57950
58317
57554
56552
56737
57076
57183
56744
58489
57458
57024
57660
57584
56876
57804
57548
57070
57256
58452
57403
56934
56832
57706
57628
57343
58085
57326
57201
57085
57489
57251
56773
56711
56680
57519
56772
57169
57624
56781
58531
56929
57121
57732
58026
57959
57526
56606
57913
57156
57506
56907
58198
58008
56652
57383
58369
57594
57426
57355
57927
57532
58534
57168

55376
155835
125158
67131
81265
53631
54439
331016
224599
58419
95250
409303
735658
53599
128243
104568
82714
62649
53474
191656
54866
319097
376362
115771
93778
467657
109480
54157
368085
61416
288699
168736
173822
53408
74645
233530
139721
372472
156177
129567
57571
66199
53375
63601
54684
119474
60453
84622
94309
115652
217427
477785
68578
355708
108652
601990
77154
58553
69648
79048
504996
62618
52250
76520
265586
263943
99410
70245
58891
160219
74195
56334
186521
53305
79379
53930
121715
62925
220095
63469
53710
256952
119425
82150
361559
128196
56576
102867
58312
53933
304674
72503
440641
217598
128692
90485
239128
53574
175268
150062

43520
43235
43077
43862
42745
43102
42949
43093
43364
43413
43121
43253
43325
43582
42963
43086
42856
42746
43003
42953
43244
43348
43065
43138
42931
43019
42736
43581
42880
43123
42974
42915
43571
42979
42884
42748
43124
43167
43070
42878
43138
43080
43011
43120
43486
42886
43073
42837
43019
42799
42945
43004
42880
42801
43141
42916
42717
42957
43185
43310
43287
43495
43243
43264
43141
42689
42672
42774
43164
42842
43032
42731
42917
43425
43141
42871
43127
43350
42915
43244
42810
42742
43230
43056
43060
43039
43093
43234
42842
43183
42771
43466
43093
42860
42956
43054
43147
43376
42949
43008

33329
33255
33101
33248
33428
33268
33156
33330
33258
33257
33367
33091
33139
33311
33205
33417
33207
33213
33214
33381
33219
33273
33287
33350
33235
33362
33415
33385
33324
33213
33440
33313
33304
33306
33192
33142
33153
33270
33128
33177
33403
33148
33294
33238
33259
33109
33272
33320
33262
33448
33164
33208
33272
33177
33380
33407
33134
33268
33278
33215
33302
33280
33398
33171
33401
33255
33295
33180
33367
33212
33188
33296
33200
33214
33428
33315
33241
33651
33358
33319
33451
33406
33930
33449
33468
33330
33216
33336
33372
33383
33317
33353
33319
33306
33328
33403
33141
33037
33428
33249

28067
28044
28070
27966
28033
28053
27955
28001
28018
27974
28092
27956
28008
27971
27975
28117
27980
27989
28081
27963
28007
27987
28139
28000
27971
28040
28050
27994
28065
28011
28045
28040
27921
28059
28066
27954
27982
28024
27976
28007
27975
28002
27951
28011
27942
28064
28047
28051
27999
27942
28052
28071
28061
27991
27966
27955
28022
27897
28011
28076
27944
28022
27908
28060
28026
27989
27967
28019
27977
28117
28081
28010
28074
28019
27947
28099
28019
28027
28010
28032
28044
28045
28036
28127
28025
28035
28095
27954
28477
27944
27966
28054
28078
27943
28054
28012
27972
28043
28079
28028

25920
25892
26022
25962
25965
25969
25994
25958
25958
25959
26003
25865
25912
25902
25970
25978
25941
25935
25974
25977
25970
25889
25893
25942
25884
25943
25947
25978
25863
25917
25970
25988
25976
25955
25903
25967
25873
25925
25890
25941
25938
25890
26034
25928
25903
25894
25877
25960
25964
25893
25932
25942
25933
25937
25985
25985
25961
25964
25919
25846
25898
25981
25816
25927
25950
25913
25934
25919
25950
25989
25944
25971
25958
25909
25955
25987
25877
25990
25934
25870
25950
25961
25971
25971
25927
26007
25975
25926
25935
25909
25939
25847
25989
25948
25910
25915
25950
25869
25897
26739

22627
23105
22620
22621
22637
22660
22613
22659
22625
22602
22594
22632
22606
22639
23786
22761
22889
22819
22702
22815
22818
22778
22775
22674
22794
22887
22903
22674
22646
22698
22805
22825
22803
23007
22661
22684
22709
22657
22803
22802
22663
22707
22710
22720
22690
22723
22681
22848
22745
22726
22697
22704
22693
22668
22766
22953
22730
22652
22765
22634
22768
22705
22614
22735
22792
22810
22682
22699
22688
22727
22798
22748
22824
22603
22600
22772
22722
22761
22843
22624
22643
22635
22680
22666
22708
22605
22641
22702
22632
22714
22657
22655
22695
22643
22753
22638
22587
22638
22761
22727
Zakończono pomiary.
