Rozpoczęto pomiary.

12020
11958
11929
11815
11986
11937
11794
11885
11870
11955
11868
11930
11919
11883
11824
11683
11807
11773
11870
11890
11839
12009
11737
11998
11787
11856
11858
11804
11794
11881
11658
11750
11808
11987
11723
11746
11912
11843
11863
11780
12108
11997
11860
12047
11954
12182
12019
11801
12204
11843
11733
11871
11974
11693
12025
11824
11834
11855
11889
11859
11828
11703
11889
12015
11907
11797
11883
11853
12001
11836
11811
11856
11745
11872
11621
11794
11855
11924
11915
11821
12006
11889
11876
11747
11909
12117
11803
11934
11805
11874
11993
11865
11609
11924
11868
11970
11863
11813
11975
11914

11166
11521
11296
11285
11391
11420
11712
11373
11365
11578
11391
11379
11433
11240
11312
11442
11716
11329
11316
11170
11292
11502
11224
11527
11574
11473
11625
11327
11498
11476
11515
11422
11517
12293
11558
11467
11456
11785
11540
11382
11382
11438
11531
11369
11390
11447
11486
11388
11428
11202
11525
11745
11423
11298
11421
11414
11466
11453
11462
11295
11170
11469
11279
11510
11498
11543
11580
11615
11606
11367
11273
11297
11156
11613
11360
11617
11335
11390
11554
11755
11275
11164
11306
11277
11280
11504
11505
11289
11279
11470
11356
11403
11241
11407
11552
11480
11304
11459
11346
11371

38965
21655
12742
10933
35057
15321
25179
11346
13977
11453
46955
11445
12575
12464
15995
24277
28585
14535
30591
11131
29560
13961
16267
10472
10824
20803
16369
17798
28386
20727
11421
20870
15460
17262
14165
11356
13922
11822
25071
19280
11247
26806
15988
11078
11946
12878
10721
10680
13650
12013
34739
10820
41181
20132
11585
16026
10841
11482
15120
11618
14502
14663
14736
11660
11268
10868
13370
12095
37755
39007
27365
10740
25463
10607
40397
11339
12757
23414
13954
11612
23904
16784
11142
49255
17228
52708
11629
42849
34858
17291
60586
20806
11565
40786
19039
12248
10793
11104
24926
28865

8566
8570
8459
8448
8598
8588
8691
8638
8620
8496
8629
8495
8517
8622
8490
8672
8622
8698
8636
8564
8550
8562
8659
8631
8501
8566
8530
8514
8522
8586
8552
8508
8441
8436
8442
8504
8516
8555
8535
8619
8416
8561
8553
8623
8469
8517
8570
8550
8515
8464
8515
8720
8689
8561
8517
8585
8588
8659
8551
8518
8519
8464
8487
8776
8490
8642
8531
8459
8494
8493
8479
8698
8439
8526
8483
8821
8644
8560
8526
8549
8671
8596
8531
8598
8633
8519
8492
8579
8448
8537
8523
8619
8603
8481
8587
8701
8619
8664
8563
8606

6452
6539
6647
6541
6511
6450
6612
6576
6477
6457
6502
6487
6544
6583
6469
6491
6515
6512
6498
6483
6601
6541
6476
6559
6542
6492
6597
6556
6485
6462
6518
6491
6475
6544
6547
6437
6462
6454
6540
6542
6499
6515
6502
6477
6609
6510
6595
6587
6526
6540
6614
6477
6571
6554
6531
6482
6523
6469
6458
6457
6508
6498
6483
6475
6483
6561
6471
6458
6491
6453
6478
6510
6456
6567
6465
6483
6461
6530
6461
6462
6532
6518
6537
6562
6435
6475
6462
6472
6538
6477
6487
6530
6473
6450
6506
6645
6520
6463
6651
6495

5444
5461
5443
5454
5462
5461
5469
5495
5444
5424
5458
5477
5537
5441
5442
5501
5475
5449
5537
5488
5555
5462
5531
5463
5471
5459
5558
5446
5451
5480
5462
5466
5513
5482
5468
5449
5478
5524
5565
5488
5512
5525
5509
5553
5522
5433
5459
5449
5440
5485
5469
5466
5462
5467
5504
5463
5446
5585
5580
5546
5821
5558
5637
5519
5524
5526
5442
5491
5469
5455
5513
5488
5545
5532
5566
5508
5567
5605
5509
5562
5583
5641
5587
5450
5561
5497
5555
5547
5439
5500
5481
5610
5608
5533
5461
5460
5459
5455
5467
5448

5206
5165
5185
5107
5118
5122
5112
5120
5215
5168
5108
5101
5150
5145
5237
5094
5145
5112
5104
5103
5108
5122
5261
5310
5137
5102
5140
5099
5110
5165
5112
5121
5110
5135
5114
5155
5124
5230
5184
5157
5119
5133
5112
5116
5101
5168
5144
5184
5230
5240
5201
5186
5095
5212
5132
5112
5087
5172
5119
5164
5232
5234
5104
5154
5145
5118
5115
5119
5106
5180
5181
5197
5101
5172
5126
5115
5173
5126
5118
5193
5183
5120
5138
5103
5173
5111
5136
5124
5131
5131
5114
5096
5096
5216
5125
5130
5149
5119
5130
5126

4314
4331
4302
4305
4357
4351
4353
4366
4308
4306
4300
4289
4305
4305
4299
4304
4307
4302
4314
4351
4354
4351
4304
4363
4366
4361
4355
4360
4360
4298
4318
4306
4304
4301
4314
4314
4311
4307
4313
4361
4307
4361
4346
4342
4297
4401
4297
4358
4313
4368
4407
4360
4356
4363
4324
4301
4302
4304
4362
4295
4297
4309
4312
4309
4301
4323
4307
4304
4309
4310
4359
4300
4304
4311
4298
4352
4309
4354
4306
4319
4297
4348
4361
4311
4313
4310
4307
4364
4313
4342
4362
4311
4308
4351
4307
4294
4352
4345
4301
4302
Zakończono pomiary.
