Rozpoczęto pomiary.
Tabela posortowana w 0%:
78
80
77
75
75
74
74
74
74
74
76
74
74
78
75
74
76
74
74
75
74
73
74
76
76
74
75
74
75
76
75
76
75
74
75
74
75
74
75
75
75
76
75
76
73
75
74
74
75
76
74
76
75
74
75
75
74
74
75
75
74
74
74
75
75
76
75
74
75
75
75
75
74
76
74
74
74
75
75
77
75
75
76
75
75
74
75
74
75
76
75
74
76
75
75
75
75
75
75
75
Tabela posortowana w 25%:
71
72
71
71
71
72
71
71
72
71
71
73
73
69
72
71
71
72
71
71
71
72
72
70
72
71
71
71
71
72
71
71
73
71
71
72
71
70
69
73
72
72
71
71
71
71
71
70
72
71
72
70
72
70
73
71
72
72
73
71
71
70
72
71
72
72
72
70
70
70
70
72
70
71
71
71
71
72
71
71
72
71
71
70
73
71
72
71
70
71
71
74
73
70
71
72
72
71
70
71
Tabela posortowana w 50%:
70
66
67
71
71
68
69
67
66
115
65
68
67
69
66
69
67
67
67
67
68
68
67
71
67
67
67
67
69
67
71
67
82
68
67
68
68
69
68
67
70
66
67
68
67
68
66
67
79
67
67
67
68
67
67
67
70
69
76
68
67
65
67
67
72
68
67
68
67
65
67
68
66
66
68
69
68
67
67
70
68
70
66
68
81
103
68
69
67
67
69
67
66
67
68
68
68
71
70
68
Tabela posortowana w 75%:
57
57
57
57
57
57
57
57
57
58
57
57
57
57
57
57
57
57
57
57
57
57
57
57
57
57
57
57
57
57
58
57
58
59
57
57
57
57
58
57
57
57
57
57
57
57
58
57
57
57
57
57
57
57
58
57
57
57
58
57
57
57
57
57
57
57
58
57
57
57
58
57
57
57
57
57
57
57
57
57
57
57
58
57
57
57
57
57
57
57
57
57
57
58
57
57
57
57
57
57
Tabela posortowana w 95%:
46
46
46
46
46
46
47
46
46
46
46
46
46
46
46
46
46
46
46
46
46
46
46
46
46
46
46
46
46
46
47
46
46
46
46
46
46
46
46
46
46
46
47
46
46
46
46
46
46
46
46
46
46
46
46
46
46
46
46
46
46
46
46
46
46
46
46
46
46
46
46
46
46
46
46
46
46
47
46
46
46
46
46
46
46
46
46
46
46
46
46
46
46
46
46
46
46
46
46
46
Tabela posortowana w 99%:
42
43
42
42
42
42
42
42
42
42
42
42
42
44
42
42
42
42
42
42
42
42
42
42
42
42
42
42
42
42
42
42
42
42
42
42
42
42
42
44
42
42
42
42
42
42
42
42
43
42
42
42
42
42
42
42
42
42
42
42
42
42
42
42
42
42
42
42
42
42
42
42
43
42
42
42
42
42
42
42
42
42
42
42
43
42
42
42
42
43
42
42
43
42
42
42
43
42
42
42
Tabela posortowana w 99.7%:
41
41
41
41
41
41
41
41
42
41
41
41
41
41
41
41
41
41
41
41
41
41
41
41
41
41
41
41
45
41
41
41
41
41
41
41
41
41
41
41
41
41
41
42
42
41
41
41
41
41
41
41
41
41
41
41
41
41
41
41
41
41
41
41
41
41
41
42
41
41
41
45
41
44
41
41
41
41
41
41
41
41
41
41
41
41
41
41
41
41
41
42
41
41
41
41
41
41
41
41
Tablica posortowana i odwrócona:
41
42
41
42
42
41
41
42
41
41
41
41
41
41
42
41
41
41
41
41
42
41
42
41
43
41
42
41
42
42
41
41
41
42
41
42
41
43
41
41
41
42
41
41
41
41
41
41
42
41
42
41
42
41
41
41
42
41
42
41
42
41
41
42
42
42
41
41
42
41
41
42
41
41
41
41
41
41
41
42
41
42
42
41
41
41
42
41
41
41
42
41
41
42
43
41
41
41
41
41
Zakończono pomiary.