Rozpoczęto pomiary.
Tabela posortowana w 0%:
37
38
39
39
36
36
37
37
37
36
36
36
36
37
37
36
36
37
36
36
37
36
36
36
36
36
36
36
37
36
36
36
36
36
36
37
36
37
36
37
35
36
36
37
37
36
36
36
36
37
37
36
36
36
36
36
36
36
37
36
36
36
36
37
36
36
37
37
39
37
36
37
38
37
36
36
37
36
37
37
37
36
37
36
38
36
36
36
36
37
36
37
36
36
36
36
36
36
36
36
Tabela posortowana w 25%:
34
35
34
34
35
34
35
35
35
35
35
34
35
39
34
35
34
34
34
35
35
34
35
35
35
35
34
35
35
35
35
34
35
34
35
36
34
35
34
34
35
35
34
34
35
34
35
35
35
34
35
35
35
35
34
34
34
34
34
35
35
34
34
35
35
34
35
34
36
35
34
35
34
35
36
34
34
35
35
34
36
35
34
35
35
35
35
35
35
36
34
35
35
34
34
35
34
34
34
35
Tabela posortowana w 50%:
33
33
33
38
43
34
32
33
33
32
32
33
33
34
33
32
32
33
32
34
33
35
32
33
33
41
33
53
33
33
33
38
33
50
53
33
35
32
32
33
34
33
57
33
33
32
33
31
35
35
33
32
32
33
34
33
33
33
33
36
32
33
33
47
33
33
32
33
34
32
33
32
33
39
33
33
32
32
32
33
47
32
35
37
42
43
33
33
32
33
33
32
35
34
33
34
33
32
32
33
Tabela posortowana w 75%:
28
28
28
27
28
28
28
28
28
27
27
28
28
28
28
28
28
28
28
27
27
27
27
27
27
28
28
28
28
28
28
27
28
28
28
28
27
27
27
27
28
27
27
28
27
27
28
27
28
28
28
28
27
28
28
28
28
28
28
28
27
27
28
27
28
28
28
27
28
28
28
27
27
28
27
28
28
28
27
28
27
27
29
28
28
28
28
27
28
28
28
28
28
28
28
27
27
28
28
28
Tabela posortowana w 95%:
22
22
22
22
22
22
22
22
22
22
22
22
22
22
22
22
22
22
22
22
22
22
22
22
22
22
22
22
22
22
22
22
22
22
22
22
22
22
22
22
22
22
22
22
22
22
22
22
22
22
22
22
22
22
22
22
22
22
22
22
22
22
22
22
22
22
22
22
22
22
22
22
22
22
22
22
22
22
22
23
22
22
22
22
22
22
22
22
22
22
22
22
22
22
22
22
22
22
22
22
Tabela posortowana w 99%:
20
20
20
20
20
20
20
20
20
20
20
20
20
20
20
20
20
20
20
20
20
20
20
20
20
20
20
20
20
20
20
20
20
20
20
20
20
20
20
20
20
20
20
20
20
20
20
20
20
20
20
20
21
20
20
20
20
20
20
20
20
20
20
20
20
20
20
20
20
20
20
20
20
20
20
20
20
20
20
20
20
20
20
20
20
20
20
20
20
20
20
20
20
20
20
20
20
20
20
20
Tabela posortowana w 99.7%:
20
20
19
19
19
19
19
19
19
19
19
19
19
19
19
19
20
19
20
19
19
19
19
19
19
21
20
19
20
19
19
19
19
19
19
19
19
19
19
19
19
19
19
19
19
19
19
19
19
20
19
19
19
19
19
19
19
19
19
19
19
19
19
19
19
19
20
19
19
19
19
19
19
20
20
19
19
19
19
19
19
19
19
19
19
19
19
19
19
19
19
19
19
19
19
20
19
19
20
19
Tablica posortowana i odwrócona:
20
20
20
20
20
20
20
20
20
20
20
20
20
20
20
20
20
20
20
20
20
20
20
20
20
20
20
20
20
20
20
20
20
20
20
20
20
20
20
20
20
20
20
20
20
20
20
20
20
20
20
20
20
20
20
20
20
20
20
20
20
20
20
20
20
20
20
20
20
20
20
20
20
20
20
20
20
20
20
20
20
20
20
20
20
20
20
20
20
20
20
20
20
20
20
20
20
20
20
20
Zakończono pomiary.