Rozpoczęto pomiary.

52131
52331
51343
52759
51898
51827
51202
51731
51433
51799
51606
51519
51628
52416
51178
51280
52280
51908
52039
53182
52993
52089
52553
51860
51559
51709
51661
51834
52158
51020
51645
51896
51918
52049
51503
51729
51642
52124
52047
51715
51990
52521
51450
51748
52254
51455
51979
51426
51926
51407
51904
52989
52057
52219
52129
52621
52034
52320
52152
51667
52213
51238
51814
51843
52487
53164
52108
51978
51502
51125
52725
52304
52482
51897
51649
51999
51244
51308
52175
51777
51448
52161
51696
51889
52006
52380
52092
52035
52326
51944
51261
51758
52600
52410
51222
52540
52549
51759
52004
52129

49689
48989
49653
49549
49852
50919
49906
49168
49430
49543
48893
49910
49003
49331
49088
48484
49650
48756
49870
48645
49679
49583
48591
49603
49649
50294
50375
50310
49388
49397
49671
49786
49722
49954
49588
49401
49688
49229
49650
49462
49601
49299
49696
49261
49218
49226
49887
49491
49289
49504
50536
49298
49192
49526
49766
49642
49085
49550
48599
49448
49398
49681
50347
49293
50622
48052
49845
49638
49597
49959
50435
49289
50060
50204
49246
48502
50163
50412
49942
49543
50364
49988
49988
49889
49779
49423
48882
49821
49160
49293
48952
49444
49583
53819
54004
48733
49309
49339
50296
48162

159209
158792
160721
89479
48885
159005
63035
45474
76308
101087
132315
89501
69827
47200
72622
158715
47158
159138
50271
93859
82909
160655
146859
160884
52534
74553
50099
159231
94615
81125
87804
55945
58557
52400
45468
54238
59618
48820
59465
159228
160566
56978
98102
55644
131273
136305
85333
160310
66495
49817
160374
84233
140907
59668
158703
45931
159323
160348
159015
139312
62465
110880
82683
111489
160237
46255
108870
43675
49111
159644
48528
112027
159098
46424
70176
160784
72155
47082
161559
153834
58068
54283
47384
92372
159195
63406
66392
135803
47481
119328
149309
159698
127586
108956
103938
159160
47594
159294
160799
88897

35651
35714
35456
35120
37179
35505
35381
35565
35578
35837
35441
35419
36147
35365
35174
35358
35297
35361
36086
35701
35766
35331
35942
35390
35386
35832
35141
35422
35451
35356
35504
35513
35429
35706
35459
35734
35555
35770
35484
35345
35774
35179
35940
35551
35201
35790
35444
35264
35324
35566
35239
35673
35743
35306
35329
35212
35061
35381
35379
35890
35308
35434
35514
35668
35641
35273
35087
35277
35748
35151
35479
35320
35825
35044
35259
35220
35441
35250
35200
35531
35502
35399
35321
35328
36062
35535
35511
35244
35549
35641
35671
36034
35670
35649
35671
35312
35685
35062
35759
35297

28037
27202
26933
27471
26864
27245
27483
27625
27212
27272
27083
27715
27682
26960
28616
27250
27042
26739
26930
27784
27351
26772
27395
27053
27321
26729
26993
27579
26947
27936
28262
27532
27663
28018
27218
26957
27465
26865
26998
27658
27448
27795
26971
27443
26784
26710
27406
27245
27409
27344
27307
27427
27280
27450
27533
26753
27102
27339
27332
26686
27928
27152
26880
27183
27094
27818
27349
26980
26965
27391
27569
27052
26910
27079
27428
26867
27658
27196
27247
27927
27163
27365
27549
27723
27430
26996
26754
27100
26921
27768
27440
27254
27604
28270
27633
27546
27059
27454
27810
27145

22286
22482
22198
22402
22422
22329
22195
22634
22377
22359
22156
22381
22383
22312
22184
22472
22347
22384
22535
22399
22462
22426
22633
22345
22287
22275
22423
22304
23164
22504
22342
22178
22350
22403
22545
22202
22417
22278
22496
22181
22364
22430
22510
22446
22243
22397
22442
22517
22401
22313
22351
22424
22590
22629
22296
22305
22446
22355
22332
22635
22448
22404
22346
22513
22319
22199
22234
22379
22249
22212
22342
22310
22474
22220
22477
22452
22533
22445
22194
22520
22206
22338
22142
22279
22546
22411
22521
22364
22226
22350
22246
22767
22398
22419
22343
22640
22278
22256
22345
22196

20372
20393
20332
20393
20370
20348
20399
20374
20358
20371
20410
20405
20444
20412
20412
20433
20338
20474
20444
20431
20345
20358
20500
20418
20426
20406
20351
20327
20296
20347
20333
20336
20362
20399
20357
20442
20352
20393
20376
20356
20401
20301
20323
20430
20351
20895
20418
20413
20375
20467
20395
20408
20362
20334
20390
20383
20377
20350
20427
20375
20388
20426
20458
20432
20361
20385
20376
20395
20380
20427
20444
20366
20417
20386
20398
20355
20383
20399
20408
20317
20331
20342
20385
20435
20329
20426
20414
20380
20442
20417
20402
20348
20378
20486
20397
20361
20380
20425
20323
20320

17904
17895
17899
17881
17887
17925
17875
17902
17888
17900
17884
17908
17890
17894
17893
17886
17901
17895
17872
17886
17885
17894
17893
17898
17881
17873
17899
17872
17886
17948
17901
18339
17889
17898
17905
17888
17883
17905
17888
17888
17940
17890
17891
17892
17890
17877
17932
17897
17876
17875
17898
17907
17882
17889
17896
17888
17878
17898
17900
17897
17888
17911
17882
17891
17888
17888
17951
17887
17871
17901
17891
17888
17950
17894
17943
17897
17897
17906
17885
17946
17890
17882
17891
17901
17886
17889
17901
17892
17879
17879
17872
17880
17870
17897
17886
17898
17888
17890
17865
17893
Zakończono pomiary.
