Rozpoczęto pomiary.

107771
108074
105553
108727
107441
105471
104875
106306
105213
105101
107444
106054
106609
104977
108046
106487
105738
107242
108304
106547
106384
106280
107684
107008
107007
110408
107499
106149
106385
106777
106386
105913
107034
106312
106939
107129
106920
107677
106165
108171
106487
105959
108013
110173
106055
106688
107551
105379
105652
105155
104608
105497
104696
106819
104800
105184
104652
105266
107521
105255
107778
105380
105417
106548
105263
106580
107317
107255
107823
106121
105349
107545
106441
108117
107481
107736
105563
105618
106081
106257
105173
108906
105488
106118
111410
106027
106160
105740
106752
107957
107282
106720
105522
107963
106992
106831
108018
106546
107278
107667

102313
107578
100946
98656
102338
100802
102992
105248
105069
101606
101742
102184
100467
100887
100176
102141
100659
101789
102583
102829
100157
101217
104311
101434
101815
101939
100855
101345
100209
103721
99155
101028
102143
102256
101746
106138
100434
101974
101700
102572
105038
101906
104842
101645
103161
101341
102945
100389
100010
101416
100727
103042
101371
99545
103821
101188
103671
102054
105711
103362
100648
102999
100921
100389
101914
103907
102272
101838
104398
101286
102327
101415
101988
103250
100762
99676
100207
100565
102732
101519
101794
99637
102809
101114
102558
99765
101876
101590
103702
103212
102615
102028
101179
103195
102756
101405
99478
100925
103653
100205

333865
100510
298278
111867
131119
142097
185346
333563
182487
334776
296966
332930
334180
176824
332721
335167
168620
201759
280099
172466
334035
291401
334690
334359
333559
335997
215845
105429
185497
225997
155856
317675
334949
169397
96479
93712
164703
152000
139612
334600
102117
136125
96759
141132
94100
198688
178482
187359
333446
95624
101280
260894
109446
95735
94985
333327
121695
97275
224641
273937
107786
157068
296805
193550
187762
335488
97319
333254
214569
334558
158452
110072
99331
334703
332819
103319
147676
111027
93946
334430
135664
333059
294644
157826
98546
120519
205436
108077
232578
106768
200626
103893
211082
333838
332980
195169
106962
184739
115962
94097

74144
73020
72900
73043
74072
73462
74408
75662
73633
73155
73683
73206
72803
73014
73967
72970
72838
73704
73068
73212
72962
72929
72596
75033
74710
76954
72792
73858
74536
73775
73133
73354
73116
72985
72962
73480
73123
73481
75098
72931
74537
73274
74169
73624
73124
73030
73212
73022
73042
73448
73119
74456
72885
73350
73704
73371
73011
73313
73110
74850
74012
72733
72912
73576
73196
74124
72892
73297
73445
73798
72629
73725
73877
72818
73386
73474
73890
73117
72876
73161
73641
73017
74225
73307
73320
73740
73222
73789
73463
72840
73036
73210
73691
74024
72888
73495
72936
73894
72897
73134

56234
57461
55940
57833
57411
57057
56531
57737
57698
57178
56631
58039
56416
57439
56061
57124
55197
57201
56906
57585
59374
57544
57100
56474
58105
57335
57511
55519
59544
56437
56800
57572
55523
57715
56896
56566
57267
56186
57228
56925
57331
56129
57353
57253
57061
57000
56406
56023
56746
58565
59485
56480
57432
56667
56554
57999
57327
57087
56379
58064
56773
56148
56501
57777
55977
58165
55753
56744
56905
56271
58811
56902
57030
58349
56905
57968
56998
56775
56158
57745
58738
57436
57699
55492
56585
57453
55111
56179
57006
56868
56353
59556
57290
56861
58100
57177
56431
57044
56812
55899

46899
47008
46872
47078
47274
46981
46971
46841
47017
46806
47247
47191
46595
46987
47186
46774
47188
47139
47240
47354
46900
47173
46698
46853
47174
47089
47093
46898
46775
47253
46721
47235
46757
46487
46689
46938
46937
47150
47136
46899
46910
47336
46604
47004
46901
47317
46961
46616
47315
47593
46948
46998
47079
46650
47062
47113
46989
46975
46617
46832
47175
46573
47350
46980
47316
47041
46576
47248
46759
46914
47046
46702
46946
47034
47478
46616
47193
46947
46813
47138
46709
47004
47423
46988
47456
46771
46878
47158
47222
46940
47033
47370
46824
46977
46858
47348
46800
47002
47313
47326

42732
42967
42764
42840
42805
42943
42833
42932
42866
42867
42772
42836
42833
42892
42904
42908
42797
42795
43029
42807
42908
42855
42753
42882
42833
42888
42714
42846
42844
42826
42794
42914
42732
42846
42741
42761
42876
42752
42840
42874
42841
42811
42965
42947
42944
42858
42762
43432
42917
42943
42996
42836
42822
42840
42995
42936
42681
42886
42875
42772
42932
42916
42825
42913
42910
42859
42873
42818
42846
43034
42866
42879
42770
42831
42874
42791
42934
42811
42791
42970
42877
42858
42930
42905
42860
42937
42818
42826
43033
42812
42809
42939
42959
42877
42861
42931
42810
42920
42844
42975

37889
37875
37901
37874
37888
40194
37871
37963
37872
37895
37874
37847
37896
37921
37900
37893
37948
37880
37910
37874
37892
37911
40849
37912
37893
37878
37902
37887
37865
37866
37897
37888
37863
37892
37905
37881
37880
37938
37922
37972
37907
37891
37875
37905
37895
37932
37869
37916
37876
37856
37875
37891
37908
37917
37888
37922
37928
37896
37979
37882
37876
37882
37917
37894
37892
37910
37895
37871
37884
37898
37911
37859
37863
37875
37886
37880
37902
37954
37999
37909
37918
37898
37905
37890
37899
37866
37886
37865
37902
37927
37911
37946
37922
37892
37920
37888
37858
37987
37876
37879
Zakończono pomiary.
