Rozpoczęto pomiary.

6558
1461
1518
1465
1459
1468
1455
1509
1458
1453
1465
1461
1464
1451
1457
1743
1796
2084
2171
2143
1592
1507
1500
1804
2096
2185
1805
1509
1461
1504
1465
1459
1510
1462
1507
1460
1454
1501
1460
1506
1460
1476
2154
2147
1793
1613
1762
1595
1601
1675
1670
1594
1574
1712
1555
1511
1509
1521
1525
1574
1509
1509
1525
1517
1516
1573
1519
1520
1504
1519
1517
1513
1512
1528
1547
1511
1523
1514
1515
1523
1524
1525
1511
1517
1536
1523
1528
1514
1508
1521
1512
1521
1519
1528
1558
1521
1506
1511
1516
1502

1384
1379
1384
1388
1401
1403
1388
1392
1387
1395
1379
1392
1389
1398
1406
1377
1382
1375
1381
1382
1384
1377
1389
1424
1388
1379
1379
1377
1376
1383
1387
1383
1429
1390
1382
1380
1386
1381
1381
1390
1389
1587
1372
1374
1378
1378
1374
1379
1377
1393
1395
1387
1387
1396
1386
1385
1384
1394
1391
1388
1402
1381
1390
1376
1385
1381
1391
1387
1389
1385
1386
1392
1373
1391
1378
1386
1393
1385
1384
1390
1392
1367
1396
1392
1386
1380
1383
1383
1377
1381
1377
1394
1375
1380
1378
1383
1399
1387
1395
1392

1241
1232
1234
1230
1237
1233
1233
1237
1226
1229
1230
1239
1237
1233
1232
1241
1233
1243
1243
1228
1233
1235
1238
1232
1236
1236
1233
1229
1230
1235
1231
1231
1240
1234
1242
1239
1247
1236
1238
1232
1246
1233
1233
1235
1230
1235
1236
1239
1242
1232
1235
1239
1234
1242
1228
1236
1235
1236
1241
1245
1218
1228
1233
1232
1234
1230
1233
1235
1236
1237
1233
1229
1239
1232
1242
1229
1237
1224
1298
1219
1221
1236
1235
1234
1227
1228
1230
1233
1228
1237
1228
1243
1230
1246
1234
1234
1231
1234
1234
1232

1076
1077
1066
1074
1076
1074
1077
1080
1078
1081
1065
1081
1071
1081
1076
1084
1070
1080
1074
1076
1079
1086
1071
1080
1079
1080
1076
1084
1073
1079
1074
1078
1077
1076
1073
1084
1072
1076
1081
1072
1074
1089
1072
1072
1080
1076
1072
1076
1079
1074
1073
1074
1062
1073
1073
1078
1070
1073
1070
1071
1080
1078
1072
1067
1070
1064
1076
1074
1076
1076
1071
1072
1072
1079
1071
1067
1079
1073
1083
1077
1083
1081
1080
1074
1089
1070
1079
1069
1076
1075
1086
1077
1082
1074
1080
1071
1078
1077
1085
1071

950
960
961
952
958
955
952
951
958
948
956
954
939
963
955
954
956
949
957
953
958
955
948
954
956
951
965
949
957
952
954
948
945
951
952
954
953
963
958
961
957
958
945
962
962
944
940
955
956
954
958
1430
1622
1629
1637
1626
1625
1603
1624
1631
1430
955
953
948
957
955
957
951
951
959
965
950
953
956
956
958
947
949
954
965
951
1058
957
957
951
949
955
981
957
952
952
946
961
948
963
953
1002
953
958
941

935
933
932
933
1015
932
933
947
932
934
941
925
928
928
932
937
934
930
941
935
936
936
939
927
932
931
929
933
931
944
928
940
930
957
935
933
929
926
931
922
937
933
991
920
942
934
934
936
927
916
1019
938
935
936
934
930
955
927
929
983
935
933
939
928
938
927
937
934
932
926
922
931
931
930
935
940
932
939
928
939
930
934
937
924
933
932
922
925
931
930
938
929
935
933
934
931
928
930
924
932

922
923
927
943
927
931
921
936
933
924
931
915
934
930
922
933
936
925
941
921
936
924
920
931
929
928
927
934
921
933
928
934
930
939
919
931
928
915
929
935
938
933
935
927
935
927
923
928
929
932
929
916
930
924
930
936
936
933
926
929
920
938
931
912
924
931
919
928
935
928
933
933
932
924
937
928
923
931
922
921
929
937
935
929
928
938
923
933
928
936
929
934
930
930
932
932
928
921
922
927

858
856
853
860
857
859
854
858
855
861
856
870
851
864
861
851
854
858
855
854
853
857
851
855
860
860
862
857
868
855
863
855
872
859
854
858
858
865
855
851
854
865
859
858
854
871
855
850
857
852
859
858
867
873
860
856
864
871
874
854
866
860
859
856
851
855
857
869
854
860
857
861
852
860
851
862
857
856
857
854
860
860
856
861
857
855
851
855
868
861
863
856
863
854
857
855
862
862
855
855
Zakończono pomiary.
