Rozpoczęto pomiary.

92909
92753
92724
93959
93109
92748
92931
92869
92812
93376
92933
92947
92578
92687
92670
92549
92613
92606
92609
92682
92693
92775
92748
92585
92522
92708
92762
92736
92696
92778
92613
92912
92515
92515
92823
92732
92639
92832
92887
92769
92838
92787
92837
92679
92753
92805
92643
92898
92774
92716
92733
92584
92648
92737
93075
92819
92845
92646
92913
92799
92675
92757
92637
92900
92909
92644
92600
92909
92682
92717
92626
92865
92767
92656
92756
92868
92907
92883
92632
92673
92911
92734
92591
92633
92716
92987
92755
92977
92716
92841
92704
92928
92799
92945
92791
92695
92828
92920
93481
93377

84036
84676
83904
83950
84274
84128
83851
84116
84187
84255
84337
84009
83839
83909
83993
83950
83999
84084
84142
84297
84136
84224
83945
84058
84202
84179
84193
83959
83936
84135
84281
84164
83957
84112
84379
84298
84041
84188
84096
83924
83894
83903
83988
83975
84013
83916
84271
84380
84233
84156
84043
84104
84320
84236
84221
84183
84142
83883
83932
84032
83994
84075
83939
84014
84340
83784
84361
84288
84282
84013
84240
84266
84222
84279
84127
83991
83951
83930
83811
84237
83939
84152
84040
83931
83870
84328
83810
84241
84298
83829
83938
84201
83937
83991
84542
84411
84474
84664
84186
84375

74551
74719
74587
74567
74689
74794
74583
74476
74778
74695
74712
74465
74915
74671
74628
74644
74779
74706
74779
74760
74451
74530
74892
74842
74780
74633
74574
74475
74592
74802
74473
74477
74572
74612
74792
74466
74606
74602
74542
74501
74853
74775
74718
74711
75054
74707
74919
74443
74701
74727
74775
74743
74575
74579
74587
74534
74510
74532
74740
74826
74750
74579
74750
74761
74894
74487
74882
74848
74707
74455
74747
74767
74652
74495
75170
74706
74831
74552
74740
74805
74714
74726
74545
74537
74907
74521
75800
74731
75451
74761
74466
74554
74532
74670
74724
74759
74501
74832
74588
74484

65112
65244
65058
65231
65212
65080
65252
65179
65180
65052
65040
65058
65092
65203
65217
65204
65230
65204
65054
65212
65013
65217
65222
65148
65192
65177
65051
65094
65181
65208
65212
65184
65047
65074
65114
65123
65156
65137
65074
65091
65137
65078
65165
65086
65254
65292
65144
65168
65230
65185
65051
65102
65239
65235
65060
65155
65047
65135
65076
65048
65002
65163
65269
64982
65070
65249
65021
65155
65077
65031
65176
65258
65065
65486
65396
65229
65124
65129
65152
65121
65084
65101
65015
65095
65183
65200
65162
65242
65125
64990
65135
65154
65158
65113
65163
65088
65040
65168
65057
65070

57571
57562
57555
57469
57464
57451
57588
57461
57500
57570
57528
57504
57448
57545
57542
57645
57464
57529
57672
57527
57468
57478
57531
57498
57559
57463
57533
57509
57453
57490
57510
57564
57515
57539
57485
57479
57469
57469
57516
57483
57518
57515
57526
57496
57561
57520
57654
57587
57523
57524
57468
57523
57466
57495
57517
57510
57595
57604
57692
57570
58052
57509
57515
57456
57593
57597
57666
57570
57545
57495
57506
57534
57566
57467
57545
57573
57482
57547
57467
57492
57510
57476
57552
57761
57416
57532
57478
57539
57466
57437
57491
57524
57758
57551
57546
57504
57570
57451
57529
57725

55991
55956
56008
56034
56009
55959
55936
55915
55961
55993
56008
55987
55947
55943
55980
55893
56018
55934
56031
55960
55961
55931
56006
56064
56057
56000
55964
56048
56012
56098
56054
55974
55919
56020
55960
55938
55915
56050
56011
55976
56166
56315
56035
55924
55987
56035
55948
56013
55925
55932
55935
56002
55993
55922
56001
56027
56139
55924
55916
55949
55938
55959
55870
55888
55941
55925
55944
55909
55908
55946
55906
55994
55948
55939
56144
55986
55965
56038
55939
55887
55945
55920
55904
55943
56028
55929
55983
55977
56045
55919
55912
55964
55910
56099
55963
55912
55944
55976
55997
55971

55725
55721
55644
55690
55694
55708
55733
55725
55763
55756
55729
55913
55762
55698
55749
55805
55703
55721
55669
55775
55792
55748
55702
55632
55728
55912
55699
55732
55638
55674
55670
55613
55666
55640
55704
55715
55731
55735
55735
55731
55761
55663
55676
55805
55756
55706
55766
55760
55779
55738
55703
56088
55809
55842
55807
55709
55784
55888
55810
55755
55810
55742
55803
55802
55772
55791
56037
55742
55734
55784
55742
55728
55747
55757
55733
55692
55712
55671
55757
55625
55682
55727
55776
55681
55908
55717
55683
55755
55713
55706
55688
55731
55713
55733
55790
55721
55719
55705
55728
55693

53194
53286
53406
53296
53178
53279
53232
57220
53324
55604
53268
53211
53283
53268
53323
53343
53194
53288
53306
53241
53309
53331
53209
53193
53208
53218
53209
53243
53399
53249
53243
53266
53307
53298
53311
53276
53194
53251
53203
53292
53292
53266
53248
53324
53284
53214
53267
53279
53266
53240
53193
53258
53349
53233
53237
53292
53229
53312
53278
53230
53222
53256
53309
53224
53264
53227
53264
53269
53283
53266
53256
53428
53268
53320
53246
53322
53320
53294
53326
53229
53229
53285
53292
53279
53225
53232
53192
53291
53291
53248
55983
53254
55877
53508
53285
53216
53263
53374
53243
53283
Zakończono pomiary.
