Rozpoczęto pomiary.

8544
8574
8568
8564
8542
8571
8576
8558
8572
8519
8446
8410
8442
8392
8468
8394
8428
8457
8363
8410
8451
8435
8482
8442
8451
8472
8460
8437
8472
8506
8410
8417
8440
8442
8502
8427
8495
8396
8489
8495
8499
8462
8452
8544
8450
8509
8473
8499
8517
8499
8525
8462
8497
8489
8557
8540
8551
8545
8482
8504
8404
8514
8481
8495
8439
8440
8508
8445
8450
8458
8552
8522
8492
8658
8600
8616
8450
8482
8463
8477
8527
8436
8457
8453
8430
8443
8528
8435
8493
8462
8352
8441
8446
8497
8369
8592
8478
8474
8474
8488

7759
7709
7761
7723
7684
7711
7732
7788
7760
7796
7776
7756
7757
7740
8048
7805
7754
7755
7763
7760
7742
7852
7744
7786
7751
7750
7798
7758
7774
7766
7761
7755
7738
7704
7722
7720
7714
7710
7764
7771
8043
7621
7750
7734
7749
7711
7755
7712
7683
7709
7755
7722
7714
7658
7743
7767
7691
7703
7749
7711
7723
7744
7728
7706
7732
7666
7682
7791
7728
7772
7768
7724
7764
7751
7767
7762
7751
7718
7753
7772
7708
7758
7767
7754
7750
7764
7758
7757
7654
7787
7839
7739
7746
7750
7713
7717
7813
7736
7950
7675

6910
6976
6840
6847
6903
6940
6897
6814
6958
6925
6890
6918
6959
6934
6934
6895
6952
6965
6965
6895
6917
6919
6984
6916
6917
6820
6848
6862
6926
6852
6820
6933
6926
6887
6815
6883
6854
6846
6906
6854
6862
6847
6859
6925
6858
6828
6871
6824
6946
6889
6931
6893
6854
6955
6889
6853
6945
6856
6870
6859
6946
6958
6893
6950
6922
6947
6926
6871
6874
6953
6825
6821
6867
6924
6846
6824
6925
6813
6862
6926
6917
6897
6850
6908
6891
6930
6850
6901
6946
6845
6910
6836
6810
6913
6838
6860
6874
6828
6914
6827

6024
6044
5994
5980
5984
6035
6091
6083
6076
6017
5992
6071
6033
6031
6142
6029
6068
6094
6048
6033
5983
5973
5965
6171
6027
5977
6093
6022
6033
6098
6013
6041
6240
5970
6031
6124
5996
6091
5974
5957
6014
6088
5966
6015
6101
5998
6018
6017
5991
5992
6066
5971
5959
6005
6000
6030
6021
5964
5985
6052
5965
6073
6036
5994
6034
6076
6076
6028
6004
6000
6072
6035
5976
6005
6072
6108
6044
6008
6007
6120
6082
5981
5997
6071
6013
5973
5998
5975
6073
6110
5986
6211
6132
6100
6082
6129
5970
6026
6125
6013

5321
5406
5290
5323
5322
5308
5340
5345
5417
5335
5349
5395
5335
5335
5481
5291
5341
5370
5387
5337
5333
5349
5325
5331
5517
5306
5292
5315
5313
5298
5296
5314
5358
5358
5275
5274
5327
5357
5252
5344
5393
5355
5265
5380
5338
5260
5377
5288
5269
5375
5472
5265
5299
5336
5351
5333
5292
5349
5303
5435
5360
5366
5386
5402
5314
5346
5315
5390
5302
5353
5320
5389
5389
5436
5337
5299
5350
5337
5257
5281
5358
5277
5303
5326
5290
5287
5517
5338
5334
5310
5377
5300
5316
5341
5359
5331
5320
5342
5401
5383

5212
5257
5221
5196
5240
5279
5286
5217
5254
5212
5250
5235
5219
5193
5237
5277
5311
5257
5187
5199
5211
5179
5186
5184
5193
5202
5171
5258
5277
5246
5273
5230
5205
5276
5185
5146
5232
5239
5391
5187
5212
5211
5144
5240
5257
5266
5222
5251
5164
5148
5167
5168
5149
5214
5150
5170
5155
5185
5179
5163
5219
5217
5192
5238
5213
5185
5150
5178
5218
5208
5240
5242
5235
5330
5163
5163
5247
5204
5144
5208
5338
5204
5201
5341
5209
5214
5297
5235
5216
5203
5380
5232
5216
5346
5325
5285
5310
5419
5227
5172

5304
5209
5159
5286
5225
5160
5142
5355
5187
5155
5304
5210
5135
5280
5228
5166
5181
5319
7628
5241
5224
5314
5170
5204
5262
6263
5218
5145
5388
5202
5250
5341
5246
5123
5166
5239
5161
5187
5249
5164
5217
5427
5302
5246
5190
5347
5223
5195
5164
5335
5271
5195
5264
5203
5228
5247
5291
5242
5203
5245
5241
5186
5278
5225
5115
5143
5322
5207
5177
5250
5188
5161
5178
5341
5145
5193
5246
5174
5132
5243
5233
5157
5246
5407
5239
5256
5275
5147
5119
5205
5172
5155
5150
5164
5147
5153
5130
5176
5148
5135

4686
4694
4706
4768
4693
4698
4709
4740
4732
4703
4698
4670
4703
4736
4697
4751
4753
4733
4748
4780
4754
4740
4735
4724
4727
4730
4704
4762
4752
4746
4738
4726
4744
4738
4797
4796
4719
4720
4746
4733
4742
4762
4722
4816
4767
4744
4778
4715
4762
4734
4710
4752
4816
4665
4771
4734
4741
4744
4709
4723
4755
4814
4740
4719
4732
4735
4795
4805
4743
4693
4738
4719
4702
4710
4676
4698
4670
4705
4677
4712
4750
4772
4708
5035
4783
4738
4810
4704
4746
4754
4761
4726
4753
4748
4750
4746
4751
4676
4742
4751
Zakończono pomiary.
