Rozpoczęto pomiary.

190122
189570
189701
189591
189647
189530
189730
189890
189580
190695
189888
189974
190022
189590
189852
189921
189905
189882
189621
189928
189816
189882
189885
189978
190015
189713
189750
189998
189481
189869
190021
189795
189768
189631
189516
189652
189946
189823
189854
190002
189393
189988
190026
190197
190846
190819
190718
190244
189791
189975
189634
190029
189659
189886
189986
189636
189647
190168
190308
189779
190259
190016
189974
190244
190434
190042
190287
189805
190430
190125
189947
189955
190266
189912
189923
189878
190028
190099
189798
189745
189998
189767
189665
189635
189577
189689
189931
190001
189957
189395
189670
189690
189619
189465
190412
190481
189474
189890
190100
189872

171830
171895
171639
171448
172182
171765
172001
172073
172200
171959
171298
172301
171385
171700
171597
171577
171545
171855
171578
171409
171325
171608
171511
172232
171860
171526
171333
172390
171690
172075
171440
171720
171687
172050
171373
171523
171382
171993
172330
171487
171827
177367
174048
171988
171507
171576
172280
172071
171392
172128
171468
171508
172261
172079
171958
172066
171449
171471
171925
171426
171521
171811
171749
171949
172029
171458
172281
171328
171513
171732
171314
172164
171440
171553
171336
172066
171916
171507
171487
172036
171529
171746
171801
171622
172229
172117
171865
171584
172318
172675
171564
171594
171817
171432
171891
172078
171578
171312
171490
171983

152545
152454
152547
152471
152586
153055
152641
152625
153083
152882
152465
152991
152427
152495
153003
152603
152478
152593
152690
152373
152899
152599
152642
152413
152336
152917
153125
152914
152980
152382
153207
152454
152553
152397
153168
153255
152451
152589
152989
152456
152876
152412
152545
152512
152400
152605
152481
152618
153009
152767
153103
152631
152889
152785
152789
152452
152856
152659
152660
152961
152453
152380
152499
152699
152499
152593
152479
152426
152684
152601
152847
152445
152648
152536
152971
152474
152817
152939
153002
152875
152555
152655
152408
153040
152573
152811
152982
152407
152612
152627
152546
152508
152616
152936
152626
152515
152485
152925
152801
152436

133617
133390
133572
133522
133408
133487
133408
133482
133651
133818
133698
133497
133372
133570
133591
133746
133385
133519
133517
133527
133357
133544
134186
134235
133688
133588
133850
133770
133592
133416
133696
133487
133480
133443
133643
133364
133541
133725
133695
133952
133623
133906
133714
133821
133625
133523
133547
133464
133359
133513
133702
133874
133391
133514
133559
133731
133450
133635
133488
133759
133905
133715
133478
133562
133818
133928
134000
133653
133540
133571
134058
133532
133387
133761
133765
133482
133455
133627
133576
133875
133426
133374
133340
133522
133687
133478
133905
133427
133660
133488
133708
133620
133605
133664
133546
133739
133444
133701
133557
133705

118273
118251
118170
118155
118184
118178
118080
118566
118445
118240
118153
118234
118268
118262
118091
118195
118416
118234
118270
118935
118306
118891
118259
118118
118202
118114
118180
118244
118319
118272
118256
118276
118129
118176
118150
118181
118236
118299
118114
118249
118070
118313
118215
118355
118336
118366
118323
118971
118596
118298
118205
118359
118244
118163
118295
118247
118268
118221
118221
118204
118609
118241
118112
118271
118225
118179
118280
118210
118302
118253
118276
118192
118158
118212
118245
118293
118135
118284
118272
118257
118203
118297
118356
118255
118222
118246
118202
118269
119219
118539
118245
118288
118283
118163
118270
118296
118281
118317
118198
118221

115266
115197
115159
115187
115171
115239
115093
115116
115111
115157
115114
115117
115044
115121
115142
115107
115103
115132
115162
115220
115137
115172
115189
115361
115148
115210
115242
115317
115190
116348
115571
115074
115232
115139
115150
115206
115306
115113
115079
115073
115122
115257
115132
115101
115067
115202
115127
115112
115146
115164
115082
115144
115253
115152
115265
115207
115171
115053
115072
115299
115198
115197
115203
115139
115217
115213
115302
115094
115175
115144
115687
115221
115128
115098
115046
114974
115076
115156
115206
115084
115217
115171
115082
115040
115107
115188
115116
115094
115065
115127
115202
115062
115135
115163
115064
115118
115044
115087
115180
115225

114609
114669
114580
114595
114450
114584
114566
114519
114718
114577
114589
114652
114578
114608
114569
114659
114615
114678
114588
114587
114604
114697
114625
114672
114599
114617
114719
114547
114592
114531
114648
114625
114596
114601
114558
114563
114650
114581
114545
114791
114575
114526
114580
114600
114621
114578
114584
114665
114670
114577
114640
115319
115112
114724
114607
114571
114664
114750
114768
114592
114550
114632
114700
114728
114697
114561
114710
114567
114562
114587
114566
114704
114652
114628
114626
114555
114666
114633
114619
114660
114667
114635
114601
114574
114809
114550
114576
114618
114751
114692
114662
114626
121130
117406
114564
114697
114617
114652
114630
114742

110585
110429
110544
110542
110488
110558
110588
110434
110426
110484
110544
110398
110472
110564
110460
110418
110612
110508
110470
110779
110581
110562
110384
110568
110527
110536
110526
110444
110499
110676
110447
110572
110434
110549
110566
110481
110293
110506
110502
110494
110467
110496
110499
110463
110462
110517
110391
110527
110479
110511
110534
110648
110509
110531
110431
110691
110444
110462
110470
110470
110527
110659
110538
110469
110524
110638
110524
110434
110436
110432
110656
110544
110421
111620
111330
110467
110059
110436
110545
110458
110497
110473
110471
110466
110522
110466
110439
110423
110336
110452
110494
110459
110526
110432
110583
110459
110502
110489
110447
110340
Zakończono pomiary.
