Rozpoczęto pomiary.

17318
17537
17477
17371
17406
17433
17361
17455
17332
17387
17366
17299
17424
17400
17350
17324
17364
17378
17403
17451
17409
17372
17348
17374
17379
17574
17363
17305
17358
17376
17424
17340
17337
17418
17366
17390
17346
17330
17490
17357
17390
17424
17365
17379
17403
17438
17419
17438
17359
17456
17426
17373
17298
17270
17368
17368
17416
17402
17264
17472
17404
17361
17348
17396
17316
17393
17360
17397
17411
17303
17400
17357
17387
17419
17382
17338
17358
17362
17407
17391
17367
17404
17318
17365
17353
17411
17491
17371
17495
17326
17414
17335
17530
17436
17322
17488
17533
17418
17487
17444

15918
16259
15980
15949
16019
15941
15906
16013
15982
15972
15845
15911
15992
15918
16106
16034
15867
15759
15750
15757
15768
15750
15771
15927
15929
15974
15833
15890
15887
15880
15904
16013
15987
15938
15960
15865
15992
16161
16042
15944
15963
15918
15954
15867
15991
15968
16053
15892
15884
15880
15858
15800
15939
15789
15913
15916
15970
15948
15922
15996
16022
16095
15980
15990
15878
15905
16063
15960
16163
16132
15922
16197
15983
16005
16012
16065
17193
15813
15928
15885
15873
15910
15944
15959
15817
15862
15927
15881
15916
15944
15952
15992
15940
15912
15823
15902
15965
15850
15988
15983

14187
14100
14163
14140
14251
14105
14356
14325
14111
14212
14213
14269
14109
14368
14272
14164
14298
14202
14207
14042
14138
14201
14223
14192
14252
14189
14129
14128
14254
14294
14181
14318
14326
14133
14196
14121
14210
14106
14052
14240
14144
14066
14038
14149
14117
14035
14158
14044
14110
14107
14244
14186
14018
14217
14123
14094
14121
14035
14062
14083
14043
14045
14009
14187
14166
14046
14014
14069
14035
14070
14034
14117
14034
14041
14086
14024
14058
14272
14067
14090
14011
14063
14037
14055
14063
14031
14119
14040
14049
14090
14160
14098
14030
14052
14118
14131
14183
14120
14067
14157

12351
12316
12364
12456
12287
12351
12296
12292
12296
12294
12305
12314
12309
12297
12302
12364
12505
12367
12312
12455
12342
12382
12367
12333
12435
12380
12436
12339
12435
12397
12518
12569
12514
12413
12440
12368
12383
12394
12386
12384
12418
12371
12387
12500
12417
12349
12324
12422
12364
12449
12390
12469
12424
12410
12520
12327
12523
12418
12368
12327
12468
12527
12407
12386
12381
12520
12449
12372
12455
12484
12409
12351
12356
12441
12338
12360
12378
12325
12309
12401
12355
12321
12342
12397
12298
13027
12355
12349
12536
12384
12351
12328
12351
12334
12353
12388
12483
12380
12418
12523

10907
10942
10949
10904
10864
10868
10910
10899
10888
10878
10861
10931
10949
11064
11019
10893
10869
10909
10868
11050
10905
10943
10900
10979
10911
11063
10911
10967
10947
10940
10850
10871
11050
10871
10891
10863
10912
10999
10855
10930
10871
10990
10946
10953
10959
10960
10942
10987
10879
10940
10853
10901
10936
10893
10925
10864
10887
10964
10866
10919
10958
10970
11011
10959
10891
10938
10893
10872
10982
10889
10945
10869
11123
10900
11010
11137
10967
10950
10895
10911
10956
10954
10998
10938
10914
10971
10924
10991
10891
10880
10942
10906
10958
10909
10902
10900
10888
10977
10903
10860

10581
10625
10838
10625
10871
10623
10804
10665
10639
10868
10621
10627
10576
10589
12023
10599
10648
10594
10629
10626
10598
10625
10572
10643
10681
10690
10583
10635
10592
10609
10609
10582
10641
10571
10621
10621
10585
10643
10583
10683
10630
10588
10661
10608
10646
10670
10618
10671
10563
10619
10632
10587
10651
10614
10742
10666
10690
10577
10606
10595
10583
10631
10661
10631
10629
10598
10632
10691
10660
10589
10624
10651
10589
10630
10597
10686
10617
10676
10696
10592
10680
10704
10598
10625
10618
10621
10721
10608
10697
10739
10757
10733
10644
10586
10578
10621
10614
10688
10683
10763

10554
10615
10586
10593
10587
10565
10644
10544
10601
10566
10548
10630
10603
10563
10545
10555
10576
10595
10615
10572
10569
10633
10616
10543
10573
10538
10549
10554
10621
10638
10578
10538
10644
10604
10578
10569
10606
10667
10543
10583
10623
10625
10559
10619
10584
10610
10610
10800
10698
10634
10553
10564
10648
10628
10568
10634
10599
10560
10549
10564
10602
10567
10555
10564
10568
10588
10561
10616
10585
10552
10548
10656
10544
10569
10606
10519
10577
10539
10582
10586
10562
10603
10556
10605
10532
10564
10674
10567
10587
10524
10594
10608
10534
10630
10700
10686
10583
10533
10574
10510

9859
9736
9750
9831
9729
9837
9756
9753
9796
9724
9806
9772
9745
9739
9848
9769
9767
9756
9745
9799
9747
9778
9731
9735
9850
9812
9759
9799
9743
9831
9711
9911
9735
9772
9846
9732
9784
9803
9780
10096
9812
9730
9759
9759
9728
9744
9751
9760
9739
9761
9758
9786
9773
9766
9718
9746
9859
9784
9771
9699
9772
9748
9751
9750
9769
9770
9754
9754
9732
9757
9771
9738
9798
9752
9757
9686
9748
9741
9685
9856
9811
9758
9859
9718
9808
9870
9824
9858
9720
9927
9775
9727
9945
9748
9758
9857
9919
9999
9790
9803
Zakończono pomiary.
