Rozpoczęto pomiary.

4797
4508
4555
4581
4544
4549
4708
4523
4489
4627
4513
4580
4547
4597
4535
4638
4564
4548
4583
4617
4554
4599
4694
4563
4613
4695
4651
4595
4520
4590
4592
4629
4662
4535
4511
4673
4572
4506
4593
4509
4539
4611
4580
4491
4507
4510
4583
4568
4436
4543
4608
4576
4559
4598
4538
4479
4618
4587
4516
4578
4507
4519
4542
4641
4554
4566
4458
4645
4752
4414
4572
4594
4532
4465
4546
4514
4556
4477
4627
4562
4521
4560
4478
4527
4682
4633
4620
4474
4534
4473
4505
4469
4588
4524
4708
4590
4529
4520
4502
4592

4256
4302
4361
4410
4358
4388
4239
4306
4342
4350
4353
4380
4368
4388
4365
4300
4399
4326
4347
4503
4297
4403
4321
4266
4424
4326
4324
4291
4306
4259
4227
4301
4299
4296
4214
4283
4371
4242
4389
4379
4371
4374
4311
4303
4310
4286
4325
4374
4279
4356
4311
4351
4318
4411
4334
4337
4361
4322
4196
4382
4153
4335
4505
4289
4229
4384
4306
4307
4305
4382
4164
4339
4177
4385
4312
4266
4252
4357
4239
4238
4261
4233
4383
4289
4310
4380
4141
4343
4380
4203
4229
4374
4330
4170
4315
4264
4310
4334
4282
4177

13291
6594
13118
13437
13235
13440
13302
4207
13264
13258
13238
12922
13342
13333
13389
12825
13466
13393
12425
11648
13143
13434
13482
13376
13291
13164
10393
5523
12411
13190
6527
13754
12516
13199
13317
13299
13203
13167
13162
13213
13106
13088
13113
5058
13170
6626
13142
4204
4000
13281
3990
13054
13200
13193
5281
13156
13159
13261
4134
13216
13128
13481
12438
4076
13154
13398
13262
13265
4455
13293
9930
13330
13278
13308
4624
13196
13088
13117
5522
13450
13200
5123
10083
13296
13299
13224
10622
12495
11033
13153
13173
5745
13274
13102
13110
13377
13410
13412
9047
13266

2943
2960
2945
2962
3157
3033
3017
3018
3011
3062
3129
2970
3000
2964
2952
2990
2939
3012
2930
2964
2966
3118
3084
3086
2968
3084
3021
3122
2969
3020
3014
3047
2992
3011
3069
2999
2999
3093
2991
3016
2962
3002
3019
3071
2990
3003
2998
3015
3064
2995
3130
2945
3758
3021
3136
2982
3077
2911
3065
2973
3088
2924
2965
2925
2929
2952
3051
2949
2975
2949
3067
2971
2949
2998
2968
2998
3001
3417
3003
3004
3024
3055
2955
3063
2984
3152
2959
3037
2970
3007
2983
3006
3023
3051
3043
3026
2974
3037
3062
3039

2273
2270
2212
2183
2221
2294
2272
2322
2225
2278
2285
2294
2295
2365
2262
2295
2276
2427
2251
2265
2273
2341
2287
2386
2247
2447
2264
2336
2170
2268
2315
2983
2306
2237
2301
2274
2212
2275
2319
2240
2223
2323
2233
2273
2186
2218
2295
2274
2275
2309
2201
2267
2266
2241
2226
2399
2247
2265
2316
2221
2262
2286
2288
2289
2260
2288
2325
2321
2280
2283
2253
2301
2287
2248
2215
2363
2269
2246
2347
2343
2425
2282
2400
2268
2521
2376
2374
2215
2332
2263
2354
2309
2439
2333
2422
2246
2297
2309
2399
2323

1870
1833
1832
1889
1941
1883
1938
1820
1945
1823
1959
1836
1961
1868
1969
1825
1916
1828
1935
1824
1832
1833
1821
1849
1822
1830
1826
1825
1827
1832
1809
1840
1826
1840
1841
1814
1825
1828
1863
1855
1900
1876
1825
1874
1843
1895
1823
1820
1835
1819
1824
1842
1828
1820
1840
1849
1853
1831
1815
1867
1861
1848
1820
1837
1823
1844
1827
1823
1825
1841
1838
1839
1882
1875
1808
1827
1812
1816
1802
1839
1836
1849
1825
1826
1827
1836
1822
1895
1811
1932
1880
1876
1830
1881
1840
1934
1810
1869
1818
1889

1689
1713
1658
1668
1667
1661
1674
1667
1661
1657
1665
1689
1668
1717
1701
1674
1681
1687
1676
1684
1662
1699
1718
1690
1682
1671
1635
1661
1682
1686
1665
1680
1690
1651
1676
1664
1658
1667
1681
1669
1687
1659
1675
1670
1669
1666
1672
1654
1663
1669
1672
1658
1678
1655
1661
1724
1662
1717
1713
1704
1672
1658
1680
1668
1667
1701
1662
1661
1679
1666
1702
1705
1704
1666
1664
1646
1649
1662
1649
1710
1653
1703
1677
1706
1662
1650
1666
1666
1665
1660
1639
1658
1668
1662
1650
1685
1676
1684
1667
1678

1437
1402
1478
1397
1396
1404
1401
1398
1401
1404
1446
1399
1447
1400
1450
1401
1398
1451
1445
1446
1453
1449
1445
1448
1454
1446
1447
1446
1451
1441
1400
1404
1405
1404
1404
1448
1449
1456
1448
1402
1400
1404
1401
1403
1402
1401
1401
1451
1452
1449
1403
1400
1402
1401
1399
1395
1398
1396
1399
1400
1398
1400
1396
1399
1398
1398
1395
1402
1437
1402
1441
1399
1400
1398
1396
1397
1395
1399
1397
1400
1398
1397
1398
1400
1397
1396
1398
1400
1399
1400
1400
1397
1395
1440
1397
1437
1398
1396
1397
1395
Zakończono pomiary.
