Rozpoczęto pomiary.
Tabela posortowana w 0%:
169
170
178
174
170
172
172
170
170
170
170
170
170
172
170
170
170
170
170
170
170
170
171
170
170
170
170
170
170
171
176
171
173
174
173
174
174
173
176
174
175
174
174
174
174
174
175
173
172
175
174
173
173
171
172
170
170
170
170
170
171
170
172
170
171
170
170
170
171
170
171
172
170
170
170
170
174
178
171
171
171
171
171
171
171
170
171
172
173
170
170
170
171
171
172
173
170
171
171
171
Tabela posortowana w 25%:
159
159
159
160
159
158
159
159
159
159
159
161
159
159
159
159
159
159
159
160
159
158
158
158
159
159
159
161
159
159
159
159
159
159
159
160
159
158
158
158
159
159
159
161
159
159
159
159
159
159
159
160
159
159
158
158
158
159
159
161
159
159
159
159
159
159
159
160
159
159
158
158
159
159
159
161
159
159
159
159
159
159
159
160
159
159
158
158
158
158
159
160
158
159
158
158
158
158
159
161
Tabela posortowana w 50%:
147
147
147
147
147
147
148
147
147
147
147
147
147
147
148
147
147
147
147
147
147
147
148
146
147
146
146
146
146
146
146
147
147
147
147
147
147
148
147
147
147
147
147
146
147
148
147
147
147
147
148
147
147
147
147
147
146
146
146
146
148
146
146
146
146
147
147
147
148
147
147
146
146
146
146
146
147
146
146
146
146
146
146
147
146
146
146
146
146
146
146
147
146
146
146
146
146
146
146
147
Tabela posortowana w 75%:
134
135
135
134
134
134
135
134
134
134
134
134
134
134
134
134
134
134
134
134
141
136
134
134
135
134
135
134
134
134
134
134
134
134
134
134
135
134
134
134
134
134
134
135
134
134
134
134
134
134
134
136
134
134
134
134
134
134
136
134
134
134
134
134
134
134
135
134
134
134
134
134
134
136
134
134
134
134
134
134
134
135
134
134
134
134
134
134
136
134
134
134
134
134
134
134
134
134
134
134
Tabela posortowana w 95%:
125
124
124
125
124
124
124
124
124
124
125
124
124
124
124
124
124
124
124
124
124
124
124
124
124
125
124
124
124
124
124
124
125
124
124
124
124
124
124
125
124
124
124
124
124
124
125
124
124
125
125
124
124
124
124
124
124
124
124
124
124
126
124
124
124
124
124
124
125
124
124
124
124
124
124
125
124
124
124
124
124
124
124
125
124
124
125
124
124
124
126
124
124
124
124
124
124
133
127
124
Tabela posortowana w 99%:
122
122
122
122
123
122
122
122
122
122
122
122
122
122
122
122
122
122
122
123
122
122
122
122
122
122
123
122
122
122
122
123
122
124
122
122
122
122
122
122
122
122
122
122
122
123
123
122
122
122
122
122
122
122
122
124
122
122
122
122
122
122
124
122
122
122
122
122
122
123
122
122
122
122
122
122
123
122
122
122
122
122
122
122
123
122
122
122
122
122
122
123
122
123
123
122
122
122
123
122
Tabela posortowana w 99.7%:
122
122
122
122
122
123
122
122
122
122
122
122
122
122
122
122
122
122
122
122
122
122
122
122
122
122
122
123
122
122
122
122
122
122
124
122
122
122
122
122
122
123
122
122
122
122
122
122
123
122
122
122
122
122
122
122
122
122
122
122
122
122
123
122
122
122
122
122
122
123
122
122
122
122
122
122
123
122
122
122
122
122
122
122
122
122
122
122
123
122
122
123
122
122
122
122
122
122
123
122
Tablica posortowana i odwrócona:
119
118
118
119
119
120
118
119
118
118
119
119
120
119
118
119
118
119
119
119
118
118
119
119
119
118
119
119
119
119
118
119
119
118
119
118
126
121
119
118
119
119
119
118
118
119
118
118
120
118
119
119
118
119
119
120
119
119
118
118
119
119
120
119
118
118
118
119
118
119
118
118
119
118
119
118
120
118
118
119
119
119
118
119
119
118
119
118
119
118
119
119
119
119
119
119
119
119
120
119
Zakończono pomiary.