Rozpoczęto pomiary.
Tabela posortowana w 0%:
86
87
83
83
82
82
82
83
83
83
82
83
82
82
82
82
82
83
83
83
83
83
83
82
83
84
83
82
83
83
82
83
83
82
82
82
83
83
83
82
82
82
83
83
82
82
82
82
83
82
82
82
82
82
83
83
83
82
82
82
82
82
82
82
82
83
82
82
82
82
83
83
82
82
82
82
82
83
82
82
82
82
82
83
82
82
83
82
82
82
82
82
82
82
83
82
82
82
82
82
Tabela posortowana w 25%:
77
77
76
77
77
77
77
77
77
77
77
77
77
77
77
77
77
77
77
77
77
78
77
77
77
77
77
77
77
77
77
77
77
77
77
77
77
78
77
77
77
77
77
77
77
77
77
77
77
77
77
76
77
77
77
77
77
77
77
77
77
77
77
77
77
77
77
77
77
77
77
77
77
77
77
77
77
77
77
77
77
77
77
77
77
77
77
77
77
77
77
77
77
77
77
77
77
77
77
77
Tabela posortowana w 50%:
71
71
71
71
71
71
71
71
71
71
71
71
71
71
71
71
71
71
71
71
71
71
71
71
71
71
71
71
71
71
71
71
71
71
71
71
71
71
71
71
71
71
71
71
71
71
71
71
71
71
71
71
71
71
71
71
71
71
71
71
71
71
71
71
71
71
72
71
71
71
71
71
71
71
71
71
71
71
71
71
71
71
71
71
71
71
71
71
71
71
71
71
71
71
71
71
71
71
71
71
Tabela posortowana w 75%:
65
65
65
65
65
65
64
65
65
65
65
65
65
65
65
65
65
65
65
65
65
65
65
65
65
65
65
65
65
65
65
65
65
65
65
65
65
65
65
65
65
65
65
65
65
65
65
65
65
65
65
65
65
65
65
65
65
66
70
67
67
66
66
67
66
66
66
66
65
66
66
66
66
66
66
66
66
66
66
66
66
66
66
66
66
71
70
66
66
66
66
66
66
66
67
67
67
66
66
66
Tabela posortowana w 95%:
60
60
60
60
61
60
60
60
60
60
60
60
60
60
60
60
60
60
60
61
60
60
60
60
60
60
60
60
60
60
60
60
60
60
62
60
60
60
60
60
60
60
60
60
60
60
60
60
61
61
60
60
60
60
60
60
60
60
60
60
60
60
60
60
60
60
60
60
60
60
60
60
60
60
60
60
60
60
61
60
60
60
60
60
60
60
60
60
60
60
60
60
60
60
60
60
60
60
60
60
Tabela posortowana w 99%:
59
59
59
59
59
59
59
59
59
59
59
59
59
59
59
59
59
59
59
59
59
59
59
60
60
59
59
59
59
59
59
59
59
60
59
59
59
59
60
59
59
59
59
59
59
59
59
59
59
59
59
59
59
63
60
59
59
59
59
59
59
60
59
59
59
59
60
60
59
59
59
59
59
59
59
59
59
59
59
59
59
59
59
59
59
59
59
59
59
59
59
59
59
59
59
59
60
59
59
59
Tabela posortowana w 99.7%:
59
59
59
59
59
59
59
59
59
59
59
59
59
59
59
59
59
59
59
59
59
59
59
59
59
59
60
60
61
59
59
59
59
60
59
59
59
59
59
59
59
60
59
59
59
59
59
59
59
59
59
59
59
59
59
59
59
59
59
59
59
59
59
59
59
59
59
58
59
59
59
59
59
59
59
59
59
59
59
59
59
59
59
59
59
59
59
59
59
59
59
59
59
59
59
59
59
59
59
59
Tablica posortowana i odwrócona:
58
57
57
57
57
57
57
57
57
57
57
57
57
57
58
57
57
57
57
57
57
57
57
57
57
57
57
57
57
61
57
57
57
57
57
57
57
57
57
57
57
57
57
57
58
57
57
57
57
57
57
57
57
57
57
57
57
57
57
57
57
57
57
57
57
57
57
57
57
57
57
57
57
58
57
57
57
57
57
57
57
57
57
57
57
57
57
57
58
57
57
57
57
57
57
57
57
57
57
57
Zakończono pomiary.