Rozpoczęto pomiary.

1164
788
839
878
853
873
800
841
938
813
812
834
959
826
830
829
826
811
806
828
880
807
809
812
847
763
801
819
808
839
823
798
834
863
828
812
812
860
780
800
834
831
768
811
816
808
844
978
837
798
859
949
841
850
874
987
767
827
860
963
888
756
851
830
954
867
833
802
845
834
849
887
1033
856
754
859
974
781
765
873
1023
773
862
889
827
822
822
830
839
836
833
851
912
776
770
752
765
755
762
752

740
713
724
716
731
743
739
730
707
733
726
736
723
710
717
727
715
726
722
706
723
723
739
705
724
743
732
728
720
710
705
737
731
729
720
731
715
709
727
714
731
717
718
725
714
719
728
735
724
729
738
730
728
741
725
724
705
727
734
711
733
735
727
714
737
723
720
719
717
738
726
725
722
741
736
733
726
739
735
725
716
745
739
734
743
731
735
730
735
741
714
734
724
742
753
732
745
739
735
716

2321
2294
2271
2227
2340
2255
2254
2332
2330
1955
2308
761
2295
2363
2238
2208
2229
2315
2308
2314
2354
2261
2295
2290
2298
2348
2197
2290
2287
2318
2309
2153
2354
701
2222
2195
2351
2175
2234
2331
2317
2322
2243
2275
2325
2305
2251
2263
2237
2311
2259
2215
2362
2335
1782
2297
2262
2342
2359
2291
2261
2223
2326
2364
2230
2217
2250
2363
2286
2300
2318
2226
2228
2290
2296
2301
2318
2261
2292
2321
2194
2330
2282
2220
2323
2278
2295
2303
2206
2314
2277
2300
2259
2279
2300
2324
2295
2303
2308
2300

493
510
500
499
505
512
506
502
497
513
502
501
503
499
508
493
519
510
499
501
498
501
507
491
506
498
496
521
504
507
507
507
501
509
493
501
507
502
505
505
499
504
499
494
505
506
509
503
501
505
498
508
495
507
508
498
496
512
500
501
505
513
505
496
512
503
491
492
505
506
503
511
500
508
503
502
522
499
492
506
500
504
505
505
505
498
500
500
507
501
505
499
511
507
509
493
502
504
485
508

577
399
560
426
394
404
401
474
443
510
433
433
579
415
407
433
410
415
400
394
417
461
417
430
415
459
434
411
387
385
458
445
531
441
431
535
441
405
432
403
395
409
436
457
404
433
425
456
399
449
466
409
465
419
412
401
391
394
459
408
488
436
406
425
446
380
447
447
393
430
452
434
412
430
409
417
381
431
459
399
431
397
397
392
391
412
428
438
447
449
460
396
397
423
397
403
516
408
398
436

331
329
330
335
339
332
338
342
335
329
328
322
339
337
328
335
333
325
340
328
326
329
328
334
335
342
342
329
343
329
337
328
333
337
334
348
333
338
330
331
338
335
337
329
337
344
331
352
331
335
333
340
332
328
343
331
336
333
338
344
344
335
344
337
336
333
331
326
346
330
329
338
340
335
331
328
333
355
331
346
333
334
328
334
333
336
333
336
328
335
340
336
328
332
335
331
321
322
328
323

287
294
351
288
295
284
283
297
284
278
284
291
283
337
281
300
288
293
295
283
284
281
284
285
344
288
282
276
285
287
282
270
277
303
289
325
291
295
291
288
291
290
272
292
284
290
330
288
282
288
290
297
277
282
298
293
284
345
273
290
289
291
288
288
290
288
292
286
316
282
285
271
285
281
291
280
285
287
285
322
302
285
289
284
283
286
281
285
293
286
330
294
285
280
293
286
279
297
285
286

248
278
247
248
249
248
248
246
249
249
246
247
279
248
249
248
247
248
249
247
250
249
246
268
247
247
248
248
249
246
247
247
247
248
270
249
247
247
247
247
247
248
247
248
248
281
248
247
246
252
247
245
248
247
248
247
273
248
246
249
248
249
247
245
246
246
249
262
248
246
249
247
248
247
248
248
247
248
247
248
247
247
246
252
247
248
247
247
246
246
249
298
315
314
249
248
247
247
254
304
Zakończono pomiary.
