Rozpoczęto pomiary.

9507
9376
9515
9465
9509
9658
9667
9441
9739
9489
9585
9516
9609
9533
9634
9770
9552
9736
9368
9567
9662
9436
9395
9567
9728
9576
9649
9926
9816
9460
9841
9597
9542
9795
9556
9469
9616
9523
9455
9473
9519
9575
9641
9489
9548
9515
9636
9646
9622
9748
9591
9576
9613
9565
9446
9620
9507
9409
9518
9584
9526
9446
9410
9745
9436
9449
9488
9494
9530
9607
9440
9565
9514
9657
9597
9455
9521
9439
9435
9625
9398
9471
9607
9357
9750
9427
9687
9454
9630
9546
9602
9599
9589
9588
9604
9384
9560
9468
9399
9414

8939
9011
9145
9241
9243
8850
8841
8934
9178
8857
9238
9078
8971
9132
8999
9068
9103
9342
9019
9134
9180
9177
9271
9625
8954
9168
9215
8942
9012
9103
9175
8793
9202
9030
9449
9063
9112
9445
9307
8908
9081
9110
9263
9153
9076
9054
9042
8996
9092
9421
9130
9205
9146
9066
9139
9124
9350
9537
9230
9123
9157
9087
9159
9229
9098
8935
8917
9045
9074
9220
9099
9215
9280
9043
9210
9253
9672
9304
8869
9076
9247
8999
9021
9072
9231
8974
9199
9109
9615
9081
9243
9164
9056
9217
9353
9277
9340
9137
9117
9239

14719
22930
9717
27851
10652
27877
27917
13592
27790
27732
11277
21159
8996
26626
16491
12379
28128
27831
9668
28120
28011
27836
9796
17847
27887
9237
10207
22388
28025
28062
8250
9198
28225
8777
28298
11475
8861
28413
28070
28150
28215
27957
27881
8639
27870
8459
9277
27860
15137
10336
28133
28014
9675
17945
12822
26255
8516
8582
20064
27759
28064
14271
14892
28538
28192
13262
23638
27711
18293
27822
19416
27821
27852
28148
18184
11343
27818
8507
27985
13668
28123
11209
22717
24630
25794
27851
27699
9751
27678
27872
27953
28091
27526
27989
28048
18556
27843
27842
28096
27998

6246
6270
6423
6402
6480
6290
6485
6396
6466
6473
6391
6491
6384
6436
6391
6371
6398
6345
6427
6418
6280
6414
6342
6492
6377
6441
6551
6397
6415
6439
6380
6408
6449
6288
6306
6252
6295
6252
6582
6430
6429
6440
6430
6330
6393
6278
6311
6334
6305
6377
6418
6437
6353
6431
6338
6302
6365
6434
6484
6441
6393
6441
6335
6396
6383
6342
6222
6368
6361
6341
6333
6297
6290
6376
6302
6311
6277
6393
6494
6281
6322
6471
6347
6430
6429
6334
6385
6382
6479
6379
6377
6432
6403
6333
6420
6539
6596
6467
6471
6518

4742
4904
4880
4948
5068
4831
4905
4885
4797
4897
4867
4815
4808
4961
4935
4668
4843
4721
4858
4689
4797
4710
4853
4885
4869
4736
4882
4850
4897
4752
4893
4729
4906
5073
4853
5083
4814
4770
4698
4809
4905
4928
4748
4686
4786
4826
4894
4816
4724
4880
4726
4774
4735
5016
4741
4826
4782
4854
4768
4723
4885
4762
4778
4797
4783
4741
4884
4867
4845
4656
4912
4888
4765
4816
4830
4819
4858
4896
4884
4679
4732
4851
4780
4798
4853
4830
4811
4859
4824
4781
4868
4886
4795
4874
4869
4755
4880
4948
4810
4952

3886
3944
3946
3868
3874
3882
3872
3873
3947
3863
3916
3947
3906
3875
3906
3917
3872
3885
3884
3925
3894
3928
3918
3893
3897
3920
3867
3917
3879
3955
3944
3867
3883
3866
3938
3891
3917
3882
3997
3932
3891
3904
3892
3867
3863
3941
3907
3971
3943
3931
3953
3915
3982
3968
3896
3903
4006
3934
3953
3951
3922
3883
3929
3939
3887
3853
3978
3898
3897
3902
3951
3908
3930
3952
3950
3892
3905
3941
3911
3953
3910
3929
3933
4041
3959
3938
3948
3949
3928
3927
3892
3959
3940
3915
3928
3956
3938
3930
3983
3884

3563
3609
3585
3628
3590
3571
3630
3580
3603
3628
3642
3617
3667
3606
3591
3613
3601
3639
3663
3600
3618
3609
3655
3622
3621
3626
3604
3584
3625
3572
3657
3594
3628
3595
3675
3655
3589
3611
3546
3569
3567
3550
3565
3554
3558
3549
3558
3559
3543
3562
3543
3561
3556
3584
3544
3560
3558
3547
3596
3594
3543
3559
3550
3543
3598
3639
3619
3542
3568
3560
3565
3853
3651
3637
3599
3615
3557
3669
3641
3610
3599
3629
3608
3634
3655
3598
3554
3553
3574
3624
3573
3544
3534
3536
3572
3543
3553
3568
3531
3547

3051
3058
3064
3066
3062
3060
3062
3062
3062
3059
3055
3055
3060
3058
3060
3058
3062
3058
3055
3067
3071
3065
3060
3097
3101
3106
3101
3104
3143
3054
3056
3062
3101
3104
3113
3111
3107
3112
3103
3112
3103
3055
3106
3056
3056
3057
3057
3062
3099
3063
3058
3060
3109
3111
3064
3058
3060
3055
3102
3057
3056
3053
3059
3060
3061
3063
3060
3058
3057
3057
3102
3059
3059
3105
3110
3054
3104
3151
3064
3055
3062
3063
3054
3109
3056
3068
3063
3053
3059
3106
3059
3060
3064
3055
3109
3102
3063
3054
3061
3062
Zakończono pomiary.
