Rozpoczęto pomiary.

1304
1239
1339
1302
1208
1282
1212
1273
1197
1351
1336
1189
1342
1123
1165
1111
1121
1164
1100
1102
1164
1183
1270
1303
1165
1344
1201
1379
1371
1265
1276
1233
1325
1335
1327
1154
1280
1236
1536
1343
1238
1457
1295
1226
1458
1269
1357
1193
1197
1192
1190
1259
1222
1176
1184
1174
1190
1437
1209
1209
1194
1173
1194
1257
1301
1188
1184
1243
1177
1221
1226
1467
1261
1219
1279
1233
1253
1243
1177
1222
1244
1174
1242
1266
1184
1286
1273
1191
1235
1146
1139
1153
1142
1132
1158
1147
1150
1154
1137
1142

1106
1122
1107
1101
1091
1084
1117
1114
1129
1087
1105
1096
1110
1103
1139
1107
1129
1101
1116
1120
1109
1103
1103
1114
1085
1104
1090
1107
1098
1124
1125
1095
1108
1102
1107
1090
1101
1107
1085
1124
1146
1081
1099
1101
1118
1086
1111
1119
1102
1099
1144
1124
1111
1103
1128
1116
1114
1107
1116
1095
1123
1108
1132
1122
1125
1144
1101
1123
1097
1121
1128
1124
1116
1117
1129
1105
1091
1093
1106
1096
1092
1104
1094
1095
1106
1096
1093
1111
1091
1108
1094
1088
1096
1095
1099
1101
1087
1105
1104
1123

2251
1190
1689
1999
1261
1983
1116
1101
1032
1748
2825
1356
1071
1182
1655
1057
1185
1303
1276
1276
1358
3142
1273
1150
1148
1425
2654
1102
1354
1245
2604
1067
1047
1063
1149
1197
1104
1939
1372
1678
3180
2127
1044
1445
1369
1519
1409
2446
2231
1592
1908
1340
1637
1061
2516
1531
1047
1573
1225
1709
1004
1393
1316
1040
2053
1143
1155
1066
1048
1365
1233
1181
1251
2055
1375
2501
2922
1142
1160
1646
1108
1059
1085
1406
1227
1110
1115
1882
1233
1925
1404
1470
1076
1767
2589
1059
2073
1297
1150
1992

843
840
839
834
847
835
844
839
838
843
832
848
834
846
839
837
831
836
831
843
860
832
847
833
835
841
849
838
839
838
846
838
834
837
837
844
839
836
850
840
839
838
837
837
835
837
840
830
841
847
843
836
838
834
844
827
847
841
837
839
837
846
832
826
831
846
832
834
831
834
835
844
844
836
840
853
834
833
835
839
834
853
843
854
843
851
834
841
839
835
840
843
837
848
844
835
839
841
827
851

647
648
646
643
646
657
647
662
653
649
660
649
654
651
652
650
649
655
649
650
647
661
647
654
661
648
654
658
654
657
656
651
653
656
674
654
650
651
650
655
652
655
644
654
644
660
658
651
651
652
661
653
659
648
656
653
655
661
655
654
651
644
655
650
646
661
650
650
649
650
646
650
654
649
653
657
661
654
655
652
654
645
662
654
655
653
654
651
655
668
652
650
655
655
650
653
657
645
650
652

561
560
558
561
556
566
562
557
569
557
556
560
556
557
556
560
558
557
563
561
561
561
558
560
558
562
555
560
556
555
556
559
557
555
553
559
565
559
551
551
555
556
555
556
557
560
563
563
554
560
561
561
558
559
562
556
551
559
559
561
561
556
555
563
562
556
552
560
557
553
553
560
563
557
556
560
558
556
562
553
562
562
555
559
557
553
554
553
565
553
562
554
557
561
556
558
567
559
560
566

526
535
538
533
507
527
538
536
526
524
523
530
528
536
532
529
522
528
525
531
539
529
519
532
528
529
540
524
529
529
528
540
526
526
523
535
531
525
537
521
533
534
533
531
534
529
522
536
537
538
537
531
532
529
532
533
530
528
539
532
524
526
533
531
526
538
532
527
538
536
533
537
543
537
539
533
529
537
532
532
530
536
519
531
534
527
531
534
520
517
529
532
531
530
530
536
530
528
526
537

378
379
375
379
384
376
374
379
376
376
377
375
377
378
380
378
378
375
378
376
378
375
376
373
376
377
376
379
383
376
374
378
375
378
378
375
377
379
376
377
384
379
377
378
380
378
379
378
373
379
379
376
386
376
377
378
377
375
379
377
378
376
377
376
383
375
377
378
375
377
376
377
378
377
379
376
381
380
378
377
377
379
375
375
377
378
376
379
382
375
377
378
378
379
376
377
377
378
380
378
Zakończono pomiary.
