Rozpoczęto pomiary.

5953
5919
5950
5971
5915
5963
6013
5962
6013
5989
5961
5966
6058
5870
5930
5930
6026
5973
5916
6011
5902
5961
5920
5933
5959
5925
5938
5925
5979
6285
5915
6010
6091
5969
6078
5994
6076
5953
5902
6159
6000
5998
5908
5988
6305
5835
5964
5937
5999
6003
5807
6032
5921
6044
5938
5949
5945
5950
6033
5987
5901
5969
5903
6001
5946
6016
6004
6011
6014
5906
6044
5987
6096
5786
5988
5959
5829
6028
5987
5830
6003
5910
5980
5981
5916
5976
5908
5993
5979
5900
5899
5828
5900
5812
5922
6020
5944
5972
6002
5900

5700
5673
5701
5559
5762
5751
5697
5814
5755
5809
5668
5748
5723
5706
5817
5858
5734
5792
5754
5610
5776
5728
5755
5669
5814
5723
5767
5691
5775
5644
5674
5721
5668
5766
5778
5674
5738
5675
5639
5672
5625
5699
5680
5760
5630
5712
5720
5732
5586
5668
5668
5730
5674
5703
5822
5655
5688
5621
5642
5661
5866
5661
5656
5717
5646
5685
5645
23576
5759
5883
5785
5696
5683
5711
5628
5815
5676
5673
5669
5641
5670
5767
5766
5710
5740
5646
5715
5750
9668
6929
5884
5686
5624
5697
5560
5709
5609
5852
5626
5739

18276
9600
23916
7213
24946
5885
25832
6859
20989
5417
23490
6087
21101
25309
7121
5343
5902
7240
6999
8947
5384
6141
9438
8944
5925
8087
5361
5615
5273
10679
9831
10099
26750
16007
11110
5613
6500
5769
16050
8135
17546
6113
22497
6884
7852
19449
10892
6357
6497
6074
8759
5779
5845
10983
6158
10706
5505
6602
5539
5559
7279
14062
18879
5776
19456
5506
7961
13454
15385
7775
5924
24865
19003
5724
6593
10728
15853
5636
10260
8307
6681
23561
6737
8713
5702
6917
5400
18378
16958
10949
26210
12898
5758
20082
11733
10836
14980
14632
12428
6183

4311
4212
4266
4277
4286
4322
4308
4300
4291
4258
4334
4324
4268
4239
4284
4318
4291
4290
4260
4273
4306
4377
4305
4283
4341
4266
4337
4261
4292
4273
4334
4298
4304
4291
4304
4279
4333
4268
4271
4340
4308
4349
4365
4300
4334
4231
4259
4275
4231
4378
4298
4270
4323
4374
4298
4275
4274
4282
4297
4309
4271
4352
4291
4276
4343
4304
4286
4250
4325
4228
4285
4326
4227
4339
4296
4289
4277
4242
4217
4285
4319
4308
4260
4306
4274
4241
4292
4358
4302
4345
4364
4334
4279
4297
4266
4222
4284
4293
4271
4292

3344
3310
3326
3380
3356
3364
3317
3341
3299
3358
3415
3342
3305
3316
3336
3324
3304
3386
3340
3395
3340
3309
3368
3338
3294
3348
3357
3344
3359
3298
3319
3407
3298
3345
3329
3349
3349
3293
3421
3365
3298
3369
3360
3357
3376
3379
3282
3290
3296
3375
3351
3300
3393
3353
3404
3360
3370
3273
3292
3356
3345
3408
3352
3345
3283
3353
3349
3305
3407
3336
3314
3360
3378
3352
3315
3346
3342
3373
3357
3310
3292
3361
3338
3338
3354
3338
3372
3353
3314
3351
3319
3442
3294
3306
3296
3273
3365
3354
3370
3337

2807
2875
2869
2810
2814
2944
2803
2812
2860
2808
2807
2828
2868
2851
2867
2871
2818
2813
2856
2820
2870
2942
2796
2885
2811
2804
2866
2820
2823
2859
2885
2802
2897
2875
2812
2914
3029
2819
2856
2894
2814
2872
2867
2808
2878
2857
2809
2863
2892
2810
2833
2866
2841
2876
2852
2863
2822
2838
2872
2817
2865
2823
2821
2858
2801
2806
2880
2886
2820
2821
2857
2823
2863
2829
2863
2836
2863
2869
2801
2854
2865
2808
2839
2861
2845
2861
2854
2810
2869
2861
2818
2873
2850
2836
2819
2841
2850
2815
2823
2817

2619
2656
2714
2631
2635
2679
2704
2624
2687
2675
2674
2632
2621
2717
2700
2659
2680
2680
2649
2628
2701
2638
2629
2636
2655
2639
2628
2631
2675
2649
2690
2644
2684
2637
2736
2658
2658
2628
2683
2676
2650
2643
2681
2630
2657
2686
2721
2649
2645
2630
2636
2648
2644
2690
2648
2654
2655
2701
2636
2634
2634
2634
2703
2652
2613
2643
2690
2650
2652
2700
2665
2646
2618
2703
2635
2653
2691
2662
2644
2649
2698
2649
2685
2637
2736
2693
2717
2685
2722
2654
2635
2698
2695
2647
2671
2699
2628
2667
2685
2638

2190
2184
2233
2238
2195
2191
2237
2236
2203
2187
2304
2229
2306
2187
2192
2191
2238
2192
2189
2240
2233
2293
2195
2192
2236
2204
2187
2202
2235
2191
2188
2191
2244
2238
2248
2190
2189
2234
2301
2188
2253
2187
2255
2187
2190
2186
2228
2195
2183
2194
2190
2246
2198
2187
2187
2247
2190
2201
2196
2188
2192
2241
2181
2186
2233
2233
2231
2194
2190
2247
2280
2192
2278
2230
2186
2186
2186
2232
2244
2239
2194
2193
2182
2189
2190
2246
2222
2234
2237
2187
2186
2231
2192
2185
2185
2232
2237
2187
2183
2242
Zakończono pomiary.
